DATE        Inv     ETF     K200    RET     DEP     FUND    CASH    EARNED_
20240210    2350    2819    0.18    19082   -400    10373   20696   35
20240211    2315    2892    0.65    19008   -800    9638    20698   -6
20240212    2310    2905    0.17    19026   -460    0       20697   -6
20240213    2265    3057    1.13    19089   -820    0       20630   -69
20240214    2235    3306    0.50    19099   1600    0       20590   -110
20240217    2205    3637    0.69    19198    800    0       20546   -157
20240218    2175    4022    0.79    19242    800    0       20546   -208
20240219    2090    4596    1.92    19315    800    0       20326   -373
20240220    2120    4577   -0.67    19411    800    0       20326   -307
20240221    2120    4577   -0.07    19650      0    0       20326   -306
20240224    2150    4191   -0.57    19558   -500    0       20566   -240
20240225    2165    4004   -0.67    19548   -500    0       20761   -206
20240226    2145    4181    0.51    19469   -500    0       20761   -240
20240227    2170    3796   -0.82    19391   -500    0       20761   -190
20240228    2315    1967   -3.52    19457   -500    0       20761    24
20240304    2325    1743   -0.08    19413  -1500    0       20761    77
20240305    2290    2129    0.92    19017  -1000    0       20761    56
20240306    2250    2496    0.96    19027   -500    0       20761    19
20240307    2265    2400   -0.56    19117   -500    0       20761    42
