
금융계산기

예금/적금 <https://spot.wooribank.com/pot/Dream?
withyou=CMBBS0086&cc=c006244:c006282> 대출 <https://spot.wooribank.com/
pot/Dream?withyou=CMBBS0086&cc=c006244:c006294> 외환 <https://
spot.wooribank.com/pot/Dream?withyou=CMBBS0086&cc=c006244:c006320> 카드
<https://spot.wooribank.com/pot/Dream?withyou=CMBBS0086&cc=c006244:c006520>	

  * 대출할부금 <https://spot.wooribank.com/pot/Dream?
    withyou=CMBBS0086&cc=c006244:c006294>
  * 부대비용안내 <https://spot.wooribank.com/pot/Dream?
    withyou=CMBBS0086&cc=c006244:c006314>
  * 변동금리폭조회 <https://spot.wooribank.com/pot/Dream?
    withyou=CMBBS0086&cc=c006244:c006319>


    대출할부금

대출금의 상환금액과 일정을 계산하여 드립니다.

  *  원금만기/원금균등/원리금균등상환 <https://spot.wooribank.com/pot/
    Dream?withyou=CMBBS0086&cc=c006244:c006294>
  *  체증식원리금상환 <https://spot.wooribank.com/pot/Dream?
    withyou=CMBBS0086&cc=c006244:c006300>

원금만기/원금균등/원리금균등상환 정보입력 상환방법 	
원금만기일시상환 원금만기일시상환 설명보기 <#bubble1> 대출만기까지 대출
원금에 대한 이자만 납부하고, 원금은 만기에 지불하는 방식입니다.
  원금균등상환 원금균등상환 설명보기 <#bubble1> 거치기간동안은 대출원금
에 대한 이자만 납부하고, 잔여 대출기간에는 매월 동일한 원금을 납부하되
이자는 매달 원금이 공제된 잔금에 대하여 납부하는 방식입니다.
  원리금균등상환 원리금균등상환 설명보기 <#bubble1> 거치기간동안은 원금
에 대한 이자만을 납부하고, 잔여 대출기간에는 매월 약정된 원금과 이자가
정액으로 나가는 방식입니다.
대출원금 	
좌,우 커서키로 슬라이더를 움직이거나 다음링크를 클릭하세요 <#>
100만증가 <#none> 500만증가 <#none> 1000만증가 <#none> 5000만증가
<#none> 정정 <#none>
	원
대출기간 	
좌,우 커서키로 슬라이더를 움직이거나 다음링크를 클릭하세요 <#>
6개월증가 <#none> 1년증가 <#none> 3년증가 <#none> 5년증가 <#none> 정정
<#none>
	개월
거치기간 	
좌,우 커서키로 슬라이더를 움직이거나 다음링크를 클릭하세요 <#>
1년증가 <#none> 2년증가 <#none> 3년증가 <#none> 정정 <#none>
	개월
대출금리 	
좌,우 커서키로 슬라이더를 움직이거나 다음링크를 클릭하세요 <#>
	%

대출원금 총이자액 월납입원금
계산결과 총계 원금 및
총이자액 합계 	438,558,319
총이자액 	168,558,319
월납입원금 	750,000

계산하기 <#none>


      계산결과

  * 대출금의 상환금액과 일정에 대한 계산결과입니다.
  * 상기 이자는 일단위로 계산한 것입니다.
  * 상품 특성에 따라 상환(이자)금액 및 일정 등은 달라질 수 있으므로 상기
    결과는 참고로만 사용하시기 바라며, 정확한 상환(이자)금액 및 일정은
    대출관리영업점으로 문의하시기 바랍니다.

원금만기⁄원금균등⁄원리금균등상환 계산결과 상환방법 	대출원금(원) 	대출기
간 	거치기간 	대출이율 	월납입원금(원) 	총 이자액(원) 	원금 및 총이자액
합계(원)
원금균등상환 	270,000,000 	360개월 	0개월 	4.15% 	750,000 	168,558,319 	
438,558,319

원금만기⁄원금균등⁄원리금균등상환 계산결과 회차 	상환금(원) 	납입원금(원)
	이자(원) 	납입원금누계(원) 	잔금(원)
1 	1,670,958 	750,000 	920,958 	750,000 	269,250,000
2 	1,699,014 	750,000 	949,014 	1,500,000 	268,500,000
3 	1,665,842 	750,000 	915,842 	2,250,000 	267,750,000
4 	1,693,727 	750,000 	943,727 	3,000,000 	267,000,000
5 	1,691,083 	750,000 	941,083 	3,750,000 	266,250,000
6 	1,658,167 	750,000 	908,167 	4,500,000 	265,500,000
7 	1,685,796 	750,000 	935,796 	5,250,000 	264,750,000
8 	1,653,051 	750,000 	903,051 	6,000,000 	264,000,000
9 	1,680,509 	750,000 	930,509 	6,750,000 	263,250,000
10 	1,677,866 	750,000 	927,866 	7,500,000 	262,500,000
11 	1,585,684 	750,000 	835,684 	8,250,000 	261,750,000
12 	1,672,579 	750,000 	922,579 	9,000,000 	261,000,000
13 	1,640,260 	750,000 	890,260 	9,750,000 	260,250,000
14 	1,667,292 	750,000 	917,292 	10,500,000 	259,500,000
15 	1,635,143 	750,000 	885,143 	11,250,000 	258,750,000
16 	1,662,005 	750,000 	912,005 	12,000,000 	258,000,000
17 	1,659,361 	750,000 	909,361 	12,750,000 	257,250,000
18 	1,627,469 	750,000 	877,469 	13,500,000 	256,500,000
19 	1,654,074 	750,000 	904,074 	14,250,000 	255,750,000
20 	1,622,352 	750,000 	872,352 	15,000,000 	255,000,000
21 	1,648,787 	750,000 	898,787 	15,750,000 	254,250,000
22 	1,646,144 	750,000 	896,144 	16,500,000 	253,500,000
23 	1,557,032 	750,000 	807,032 	17,250,000 	252,750,000
24 	1,640,857 	750,000 	890,857 	18,000,000 	252,000,000
25 	1,609,561 	750,000 	859,561 	18,750,000 	251,250,000
26 	1,635,570 	750,000 	885,570 	19,500,000 	250,500,000
27 	1,604,445 	750,000 	854,445 	20,250,000 	249,750,000
28 	1,630,283 	750,000 	880,283 	21,000,000 	249,000,000
29 	1,627,639 	750,000 	877,639 	21,750,000 	248,250,000
30 	1,596,770 	750,000 	846,770 	22,500,000 	247,500,000
31 	1,622,352 	750,000 	872,352 	23,250,000 	246,750,000
32 	1,591,654 	750,000 	841,654 	24,000,000 	246,000,000
33 	1,616,530 	750,000 	866,530 	24,750,000 	245,250,000
34 	1,612,060 	750,000 	862,060 	25,500,000 	244,500,000
35 	1,553,977 	750,000 	803,977 	26,250,000 	243,750,000
36 	1,606,787 	750,000 	856,787 	27,000,000 	243,000,000
37 	1,576,598 	750,000 	826,598 	27,750,000 	242,250,000
38 	1,601,515 	750,000 	851,515 	28,500,000 	241,500,000
39 	1,571,495 	750,000 	821,495 	29,250,000 	240,750,000
40 	1,596,242 	750,000 	846,242 	30,000,000 	240,000,000
41 	1,593,606 	750,000 	843,606 	30,750,000 	239,250,000
42 	1,563,842 	750,000 	813,842 	31,500,000 	238,500,000
43 	1,588,334 	750,000 	838,334 	32,250,000 	237,750,000
44 	1,558,739 	750,000 	808,739 	33,000,000 	237,000,000
45 	1,583,576 	750,000 	833,576 	33,750,000 	236,250,000
46 	1,582,700 	750,000 	832,700 	34,500,000 	235,500,000
47 	1,499,728 	750,000 	749,728 	35,250,000 	234,750,000
48 	1,577,413 	750,000 	827,413 	36,000,000 	234,000,000
49 	1,548,164 	750,000 	798,164 	36,750,000 	233,250,000
50 	1,572,126 	750,000 	822,126 	37,500,000 	232,500,000
51 	1,543,047 	750,000 	793,047 	38,250,000 	231,750,000
52 	1,566,839 	750,000 	816,839 	39,000,000 	231,000,000
53 	1,564,195 	750,000 	814,195 	39,750,000 	230,250,000
54 	1,535,373 	750,000 	785,373 	40,500,000 	229,500,000
55 	1,558,908 	750,000 	808,908 	41,250,000 	228,750,000
56 	1,530,256 	750,000 	780,256 	42,000,000 	228,000,000
57 	1,553,621 	750,000 	803,621 	42,750,000 	227,250,000
58 	1,550,978 	750,000 	800,978 	43,500,000 	226,500,000
59 	1,471,076 	750,000 	721,076 	44,250,000 	225,750,000
60 	1,545,691 	750,000 	795,691 	45,000,000 	225,000,000
61 	1,517,465 	750,000 	767,465 	45,750,000 	224,250,000
62 	1,540,404 	750,000 	790,404 	46,500,000 	223,500,000
63 	1,512,349 	750,000 	762,349 	47,250,000 	222,750,000
64 	1,535,117 	750,000 	785,117 	48,000,000 	222,000,000
65 	1,532,473 	750,000 	782,473 	48,750,000 	221,250,000
66 	1,504,674 	750,000 	754,674 	49,500,000 	220,500,000
67 	1,527,186 	750,000 	777,186 	50,250,000 	219,750,000
68 	1,499,558 	750,000 	749,558 	51,000,000 	219,000,000
69 	1,521,900 	750,000 	771,900 	51,750,000 	218,250,000
70 	1,519,256 	750,000 	769,256 	52,500,000 	217,500,000
71 	1,442,424 	750,000 	692,424 	53,250,000 	216,750,000
72 	1,513,969 	750,000 	763,969 	54,000,000 	216,000,000
73 	1,486,767 	750,000 	736,767 	54,750,000 	215,250,000
74 	1,508,682 	750,000 	758,682 	55,500,000 	214,500,000
75 	1,481,650 	750,000 	731,650 	56,250,000 	213,750,000
76 	1,503,395 	750,000 	753,395 	57,000,000 	213,000,000
77 	1,500,752 	750,000 	750,752 	57,750,000 	212,250,000
78 	1,473,976 	750,000 	723,976 	58,500,000 	211,500,000
79 	1,495,465 	750,000 	745,465 	59,250,000 	210,750,000
80 	1,468,859 	750,000 	718,859 	60,000,000 	210,000,000
81 	1,489,721 	750,000 	739,721 	60,750,000 	209,250,000
82 	1,485,519 	750,000 	735,519 	61,500,000 	208,500,000
83 	1,435,600 	750,000 	685,600 	62,250,000 	207,750,000
84 	1,480,246 	750,000 	730,246 	63,000,000 	207,000,000
85 	1,454,139 	750,000 	704,139 	63,750,000 	206,250,000
86 	1,474,974 	750,000 	724,974 	64,500,000 	205,500,000
87 	1,449,036 	750,000 	699,036 	65,250,000 	204,750,000
88 	1,469,701 	750,000 	719,701 	66,000,000 	204,000,000
89 	1,467,065 	750,000 	717,065 	66,750,000 	203,250,000
90 	1,441,383 	750,000 	691,383 	67,500,000 	202,500,000
91 	1,461,793 	750,000 	711,793 	68,250,000 	201,750,000
92 	1,436,280 	750,000 	686,280 	69,000,000 	201,000,000
93 	1,456,956 	750,000 	706,956 	69,750,000 	200,250,000
94 	1,455,812 	750,000 	705,812 	70,500,000 	199,500,000
95 	1,385,120 	750,000 	635,120 	71,250,000 	198,750,000
96 	1,450,525 	750,000 	700,525 	72,000,000 	198,000,000
97 	1,425,369 	750,000 	675,369 	72,750,000 	197,250,000
98 	1,445,238 	750,000 	695,238 	73,500,000 	196,500,000
99 	1,420,253 	750,000 	670,253 	74,250,000 	195,750,000
100 	1,439,951 	750,000 	689,951 	75,000,000 	195,000,000
101 	1,437,308 	750,000 	687,308 	75,750,000 	194,250,000
102 	1,412,578 	750,000 	662,578 	76,500,000 	193,500,000
103 	1,432,021 	750,000 	682,021 	77,250,000 	192,750,000
104 	1,407,462 	750,000 	657,462 	78,000,000 	192,000,000
105 	1,426,734 	750,000 	676,734 	78,750,000 	191,250,000
106 	1,424,090 	750,000 	674,090 	79,500,000 	190,500,000
107 	1,356,468 	750,000 	606,468 	80,250,000 	189,750,000
108 	1,418,803 	750,000 	668,803 	81,000,000 	189,000,000
109 	1,394,671 	750,000 	644,671 	81,750,000 	188,250,000
110 	1,413,516 	750,000 	663,516 	82,500,000 	187,500,000
111 	1,389,554 	750,000 	639,554 	83,250,000 	186,750,000
112 	1,408,229 	750,000 	658,229 	84,000,000 	186,000,000
113 	1,405,586 	750,000 	655,586 	84,750,000 	185,250,000
114 	1,381,880 	750,000 	631,880 	85,500,000 	184,500,000
115 	1,400,299 	750,000 	650,299 	86,250,000 	183,750,000
116 	1,376,763 	750,000 	626,763 	87,000,000 	183,000,000
117 	1,395,012 	750,000 	645,012 	87,750,000 	182,250,000
118 	1,392,368 	750,000 	642,368 	88,500,000 	181,500,000
119 	1,327,816 	750,000 	577,816 	89,250,000 	180,750,000
120 	1,387,081 	750,000 	637,081 	90,000,000 	180,000,000
121 	1,363,972 	750,000 	613,972 	90,750,000 	179,250,000
122 	1,381,794 	750,000 	631,794 	91,500,000 	178,500,000
123 	1,358,856 	750,000 	608,856 	92,250,000 	177,750,000
124 	1,376,507 	750,000 	626,507 	93,000,000 	177,000,000
125 	1,373,864 	750,000 	623,864 	93,750,000 	176,250,000
126 	1,351,181 	750,000 	601,181 	94,500,000 	175,500,000
127 	1,368,577 	750,000 	618,577 	95,250,000 	174,750,000
128 	1,346,065 	750,000 	596,065 	96,000,000 	174,000,000
129 	1,362,911 	750,000 	612,911 	96,750,000 	173,250,000
130 	1,358,978 	750,000 	608,978 	97,500,000 	172,500,000
131 	1,317,223 	750,000 	567,223 	98,250,000 	171,750,000
132 	1,353,705 	750,000 	603,705 	99,000,000 	171,000,000
133 	1,331,680 	750,000 	581,680 	99,750,000 	170,250,000
134 	1,348,433 	750,000 	598,433 	100,500,000 	169,500,000
135 	1,326,577 	750,000 	576,577 	101,250,000 	168,750,000
136 	1,343,160 	750,000 	593,160 	102,000,000 	168,000,000
137 	1,340,524 	750,000 	590,524 	102,750,000 	167,250,000
138 	1,318,924 	750,000 	568,924 	103,500,000 	166,500,000
139 	1,335,252 	750,000 	585,252 	104,250,000 	165,750,000
140 	1,313,821 	750,000 	563,821 	105,000,000 	165,000,000
141 	1,330,337 	750,000 	580,337 	105,750,000 	164,250,000
142 	1,328,925 	750,000 	578,925 	106,500,000 	163,500,000
143 	1,270,512 	750,000 	520,512 	107,250,000 	162,750,000
144 	1,323,638 	750,000 	573,638 	108,000,000 	162,000,000
145 	1,302,575 	750,000 	552,575 	108,750,000 	161,250,000
146 	1,318,351 	750,000 	568,351 	109,500,000 	160,500,000
147 	1,297,458 	750,000 	547,458 	110,250,000 	159,750,000
148 	1,313,064 	750,000 	563,064 	111,000,000 	159,000,000
149 	1,310,420 	750,000 	560,420 	111,750,000 	158,250,000
150 	1,289,784 	750,000 	539,784 	112,500,000 	157,500,000
151 	1,305,133 	750,000 	555,133 	113,250,000 	156,750,000
152 	1,284,667 	750,000 	534,667 	114,000,000 	156,000,000
153 	1,299,846 	750,000 	549,846 	114,750,000 	155,250,000
154 	1,297,203 	750,000 	547,203 	115,500,000 	154,500,000
155 	1,241,860 	750,000 	491,860 	116,250,000 	153,750,000
156 	1,291,916 	750,000 	541,916 	117,000,000 	153,000,000
157 	1,271,876 	750,000 	521,876 	117,750,000 	152,250,000
158 	1,286,629 	750,000 	536,629 	118,500,000 	151,500,000
159 	1,266,760 	750,000 	516,760 	119,250,000 	150,750,000
160 	1,281,342 	750,000 	531,342 	120,000,000 	150,000,000
161 	1,278,698 	750,000 	528,698 	120,750,000 	149,250,000
162 	1,259,085 	750,000 	509,085 	121,500,000 	148,500,000
163 	1,273,411 	750,000 	523,411 	122,250,000 	147,750,000
164 	1,253,969 	750,000 	503,969 	123,000,000 	147,000,000
165 	1,268,124 	750,000 	518,124 	123,750,000 	146,250,000
166 	1,265,481 	750,000 	515,481 	124,500,000 	145,500,000
167 	1,213,208 	750,000 	463,208 	125,250,000 	144,750,000
168 	1,260,194 	750,000 	510,194 	126,000,000 	144,000,000
169 	1,241,178 	750,000 	491,178 	126,750,000 	143,250,000
170 	1,254,907 	750,000 	504,907 	127,500,000 	142,500,000
171 	1,236,061 	750,000 	486,061 	128,250,000 	141,750,000
172 	1,249,620 	750,000 	499,620 	129,000,000 	141,000,000
173 	1,246,976 	750,000 	496,976 	129,750,000 	140,250,000
174 	1,228,386 	750,000 	478,386 	130,500,000 	139,500,000
175 	1,241,689 	750,000 	491,689 	131,250,000 	138,750,000
176 	1,223,270 	750,000 	473,270 	132,000,000 	138,000,000
177 	1,236,101 	750,000 	486,101 	132,750,000 	137,250,000
178 	1,232,437 	750,000 	482,437 	133,500,000 	136,500,000
179 	1,198,846 	750,000 	448,846 	134,250,000 	135,750,000
180 	1,227,164 	750,000 	477,164 	135,000,000 	135,000,000
181 	1,209,221 	750,000 	459,221 	135,750,000 	134,250,000
182 	1,221,892 	750,000 	471,892 	136,500,000 	133,500,000
183 	1,204,118 	750,000 	454,118 	137,250,000 	132,750,000
184 	1,216,619 	750,000 	466,619 	138,000,000 	132,000,000
185 	1,213,983 	750,000 	463,983 	138,750,000 	131,250,000
186 	1,196,465 	750,000 	446,465 	139,500,000 	130,500,000
187 	1,208,711 	750,000 	458,711 	140,250,000 	129,750,000
188 	1,191,362 	750,000 	441,362 	141,000,000 	129,000,000
189 	1,203,718 	750,000 	453,718 	141,750,000 	128,250,000
190 	1,202,037 	750,000 	452,037 	142,500,000 	127,500,000
191 	1,155,904 	750,000 	405,904 	143,250,000 	126,750,000
192 	1,196,750 	750,000 	446,750 	144,000,000 	126,000,000
193 	1,179,780 	750,000 	429,780 	144,750,000 	125,250,000
194 	1,191,463 	750,000 	441,463 	145,500,000 	124,500,000
195 	1,174,664 	750,000 	424,664 	146,250,000 	123,750,000
196 	1,186,176 	750,000 	436,176 	147,000,000 	123,000,000
197 	1,183,532 	750,000 	433,532 	147,750,000 	122,250,000
198 	1,166,989 	750,000 	416,989 	148,500,000 	121,500,000
199 	1,178,245 	750,000 	428,245 	149,250,000 	120,750,000
200 	1,161,873 	750,000 	411,873 	150,000,000 	120,000,000
201 	1,172,958 	750,000 	422,958 	150,750,000 	119,250,000
202 	1,170,315 	750,000 	420,315 	151,500,000 	118,500,000
203 	1,127,252 	750,000 	377,252 	152,250,000 	117,750,000
204 	1,165,028 	750,000 	415,028 	153,000,000 	117,000,000
205 	1,149,082 	750,000 	399,082 	153,750,000 	116,250,000
206 	1,159,741 	750,000 	409,741 	154,500,000 	115,500,000
207 	1,143,965 	750,000 	393,965 	155,250,000 	114,750,000
208 	1,154,454 	750,000 	404,454 	156,000,000 	114,000,000
209 	1,151,810 	750,000 	401,810 	156,750,000 	113,250,000
210 	1,136,291 	750,000 	386,291 	157,500,000 	112,500,000
211 	1,146,523 	750,000 	396,523 	158,250,000 	111,750,000
212 	1,131,174 	750,000 	381,174 	159,000,000 	111,000,000
213 	1,141,236 	750,000 	391,236 	159,750,000 	110,250,000
214 	1,138,593 	750,000 	388,593 	160,500,000 	109,500,000
215 	1,098,600 	750,000 	348,600 	161,250,000 	108,750,000
216 	1,133,306 	750,000 	383,306 	162,000,000 	108,000,000
217 	1,118,383 	750,000 	368,383 	162,750,000 	107,250,000
218 	1,128,019 	750,000 	378,019 	163,500,000 	106,500,000
219 	1,113,267 	750,000 	363,267 	164,250,000 	105,750,000
220 	1,122,732 	750,000 	372,732 	165,000,000 	105,000,000
221 	1,120,089 	750,000 	370,089 	165,750,000 	104,250,000
222 	1,105,592 	750,000 	355,592 	166,500,000 	103,500,000
223 	1,114,802 	750,000 	364,802 	167,250,000 	102,750,000
224 	1,100,476 	750,000 	350,476 	168,000,000 	102,000,000
225 	1,109,293 	750,000 	359,293 	168,750,000 	101,250,000
226 	1,105,896 	750,000 	355,896 	169,500,000 	100,500,000
227 	1,080,469 	750,000 	330,469 	170,250,000 	99,750,000
228 	1,100,623 	750,000 	350,623 	171,000,000 	99,000,000
229 	1,086,762 	750,000 	336,762 	171,750,000 	98,250,000
230 	1,095,351 	750,000 	345,351 	172,500,000 	97,500,000
231 	1,081,659 	750,000 	331,659 	173,250,000 	96,750,000
232 	1,090,078 	750,000 	340,078 	174,000,000 	96,000,000
233 	1,087,442 	750,000 	337,442 	174,750,000 	95,250,000
234 	1,074,006 	750,000 	324,006 	175,500,000 	94,500,000
235 	1,082,170 	750,000 	332,170 	176,250,000 	93,750,000
236 	1,068,903 	750,000 	318,903 	177,000,000 	93,000,000
237 	1,077,098 	750,000 	327,098 	177,750,000 	92,250,000
238 	1,075,149 	750,000 	325,149 	178,500,000 	91,500,000
239 	1,041,295 	750,000 	291,295 	179,250,000 	90,750,000
240 	1,069,862 	750,000 	319,862 	180,000,000 	90,000,000
241 	1,056,986 	750,000 	306,986 	180,750,000 	89,250,000
242 	1,064,575 	750,000 	314,575 	181,500,000 	88,500,000
243 	1,051,869 	750,000 	301,869 	182,250,000 	87,750,000
244 	1,059,288 	750,000 	309,288 	183,000,000 	87,000,000
245 	1,056,645 	750,000 	306,645 	183,750,000 	86,250,000
246 	1,044,195 	750,000 	294,195 	184,500,000 	85,500,000
247 	1,051,358 	750,000 	301,358 	185,250,000 	84,750,000
248 	1,039,078 	750,000 	289,078 	186,000,000 	84,000,000
249 	1,046,071 	750,000 	296,071 	186,750,000 	83,250,000
250 	1,043,427 	750,000 	293,427 	187,500,000 	82,500,000
251 	1,012,643 	750,000 	262,643 	188,250,000 	81,750,000
252 	1,038,140 	750,000 	288,140 	189,000,000 	81,000,000
253 	1,026,287 	750,000 	276,287 	189,750,000 	80,250,000
254 	1,032,853 	750,000 	282,853 	190,500,000 	79,500,000
255 	1,021,171 	750,000 	271,171 	191,250,000 	78,750,000
256 	1,027,566 	750,000 	277,566 	192,000,000 	78,000,000
257 	1,024,923 	750,000 	274,923 	192,750,000 	77,250,000
258 	1,013,496 	750,000 	263,496 	193,500,000 	76,500,000
259 	1,019,636 	750,000 	269,636 	194,250,000 	75,750,000
260 	1,008,380 	750,000 	258,380 	195,000,000 	75,000,000
261 	1,014,349 	750,000 	264,349 	195,750,000 	74,250,000
262 	1,011,705 	750,000 	261,705 	196,500,000 	73,500,000
263 	983,991 	750,000 	233,991 	197,250,000 	72,750,000
264 	1,006,418 	750,000 	256,418 	198,000,000 	72,000,000
265 	995,589 	750,000 	245,589 	198,750,000 	71,250,000
266 	1,001,131 	750,000 	251,131 	199,500,000 	70,500,000
267 	990,472 	750,000 	240,472 	200,250,000 	69,750,000
268 	995,844 	750,000 	245,844 	201,000,000 	69,000,000
269 	993,201 	750,000 	243,201 	201,750,000 	68,250,000
270 	982,797 	750,000 	232,797 	202,500,000 	67,500,000
271 	987,914 	750,000 	237,914 	203,250,000 	66,750,000
272 	977,681 	750,000 	227,681 	204,000,000 	66,000,000
273 	982,483 	750,000 	232,483 	204,750,000 	65,250,000
274 	979,355 	750,000 	229,355 	205,500,000 	64,500,000
275 	962,092 	750,000 	212,092 	206,250,000 	63,750,000
276 	974,082 	750,000 	224,082 	207,000,000 	63,000,000
277 	964,303 	750,000 	214,303 	207,750,000 	62,250,000
278 	968,810 	750,000 	218,810 	208,500,000 	61,500,000
279 	959,200 	750,000 	209,200 	209,250,000 	60,750,000
280 	963,537 	750,000 	213,537 	210,000,000 	60,000,000
281 	960,901 	750,000 	210,901 	210,750,000 	59,250,000
282 	951,547 	750,000 	201,547 	211,500,000 	58,500,000
283 	955,629 	750,000 	205,629 	212,250,000 	57,750,000
284 	946,444 	750,000 	196,444 	213,000,000 	57,000,000
285 	950,479 	750,000 	200,479 	213,750,000 	56,250,000
286 	948,261 	750,000 	198,261 	214,500,000 	55,500,000
287 	926,687 	750,000 	176,687 	215,250,000 	54,750,000
288 	942,975 	750,000 	192,975 	216,000,000 	54,000,000
289 	934,191 	750,000 	184,191 	216,750,000 	53,250,000
290 	937,688 	750,000 	187,688 	217,500,000 	52,500,000
291 	929,075 	750,000 	179,075 	218,250,000 	51,750,000
292 	932,401 	750,000 	182,401 	219,000,000 	51,000,000
293 	929,757 	750,000 	179,757 	219,750,000 	50,250,000
294 	921,400 	750,000 	171,400 	220,500,000 	49,500,000
295 	924,470 	750,000 	174,470 	221,250,000 	48,750,000
296 	916,284 	750,000 	166,284 	222,000,000 	48,000,000
297 	919,183 	750,000 	169,183 	222,750,000 	47,250,000
298 	916,540 	750,000 	166,540 	223,500,000 	46,500,000
299 	898,035 	750,000 	148,035 	224,250,000 	45,750,000
300 	911,253 	750,000 	161,253 	225,000,000 	45,000,000
301 	903,493 	750,000 	153,493 	225,750,000 	44,250,000
302 	905,966 	750,000 	155,966 	226,500,000 	43,500,000
303 	898,376 	750,000 	148,376 	227,250,000 	42,750,000
304 	900,679 	750,000 	150,679 	228,000,000 	42,000,000
305 	898,035 	750,000 	148,035 	228,750,000 	41,250,000
306 	890,702 	750,000 	140,702 	229,500,000 	40,500,000
307 	892,748 	750,000 	142,748 	230,250,000 	39,750,000
308 	885,585 	750,000 	135,585 	231,000,000 	39,000,000
309 	887,461 	750,000 	137,461 	231,750,000 	38,250,000
310 	884,818 	750,000 	134,818 	232,500,000 	37,500,000
311 	869,383 	750,000 	119,383 	233,250,000 	36,750,000
312 	879,531 	750,000 	129,531 	234,000,000 	36,000,000
313 	872,794 	750,000 	122,794 	234,750,000 	35,250,000
314 	874,244 	750,000 	124,244 	235,500,000 	34,500,000
315 	867,678 	750,000 	117,678 	236,250,000 	33,750,000
316 	868,957 	750,000 	118,957 	237,000,000 	33,000,000
317 	866,313 	750,000 	116,313 	237,750,000 	32,250,000
318 	860,003 	750,000 	110,003 	238,500,000 	31,500,000
319 	861,026 	750,000 	111,026 	239,250,000 	30,750,000
320 	854,886 	750,000 	104,886 	240,000,000 	30,000,000
321 	855,674 	750,000 	105,674 	240,750,000 	29,250,000
322 	852,814 	750,000 	102,814 	241,500,000 	28,500,000
323 	843,715 	750,000 	93,715 	242,250,000 	27,750,000
324 	847,542 	750,000 	97,542 	243,000,000 	27,000,000
325 	841,844 	750,000 	91,844 	243,750,000 	26,250,000
326 	842,269 	750,000 	92,269 	244,500,000 	25,500,000
327 	836,741 	750,000 	86,741 	245,250,000 	24,750,000
328 	836,996 	750,000 	86,996 	246,000,000 	24,000,000
329 	834,360 	750,000 	84,360 	246,750,000 	23,250,000
330 	829,088 	750,000 	79,088 	247,500,000 	22,500,000
331 	829,088 	750,000 	79,088 	248,250,000 	21,750,000
332 	823,985 	750,000 	73,985 	249,000,000 	21,000,000
333 	823,860 	750,000 	73,860 	249,750,000 	20,250,000
334 	821,374 	750,000 	71,374 	250,500,000 	19,500,000
335 	812,079 	750,000 	62,079 	251,250,000 	18,750,000
336 	816,087 	750,000 	66,087 	252,000,000 	18,000,000
337 	811,397 	750,000 	61,397 	252,750,000 	17,250,000
338 	810,800 	750,000 	60,800 	253,500,000 	16,500,000
339 	806,280 	750,000 	56,280 	254,250,000 	15,750,000
340 	805,513 	750,000 	55,513 	255,000,000 	15,000,000
341 	802,869 	750,000 	52,869 	255,750,000 	14,250,000
342 	798,606 	750,000 	48,606 	256,500,000 	13,500,000
343 	797,582 	750,000 	47,582 	257,250,000 	12,750,000
344 	793,489 	750,000 	43,489 	258,000,000 	12,000,000
345 	792,295 	750,000 	42,295 	258,750,000 	11,250,000
346 	789,652 	750,000 	39,652 	259,500,000 	10,500,000
347 	783,427 	750,000 	33,427 	260,250,000 	9,750,000
348 	784,365 	750,000 	34,365 	261,000,000 	9,000,000
349 	780,698 	750,000 	30,698 	261,750,000 	8,250,000
350 	779,078 	750,000 	29,078 	262,500,000 	7,500,000
351 	775,582 	750,000 	25,582 	263,250,000 	6,750,000
352 	773,791 	750,000 	23,791 	264,000,000 	6,000,000
353 	771,147 	750,000 	21,147 	264,750,000 	5,250,000
354 	767,907 	750,000 	17,907 	265,500,000 	4,500,000
355 	765,860 	750,000 	15,860 	266,250,000 	3,750,000
356 	762,791 	750,000 	12,791 	267,000,000 	3,000,000
357 	760,573 	750,000 	10,573 	267,750,000 	2,250,000
358 	757,930 	750,000 	7,930 	268,500,000 	1,500,000
359 	754,775 	750,000 	4,775 	269,250,000 	750,000
360 	752,643 	750,000 	2,643 	270,000,000 	0

인쇄하기 <javascript:window.print();>
